50;10.379701646170101;76.17675927506424;205.62493795448145;271.66113;39.648563
100;10.662755905405305;76.02442408821369;205.62564141013698;271.66113;39.648563
150;10.945805575674271;75.79673560066871;205.6263448657925;271.66113;39.648563
200;11.22885106998384;75.49520087700593;205.62704832144803;271.66113;39.648563
250;11.511892764170247;75.1212968405392;205.62775177710355;271.66113;39.648563
300;11.794931000244478;74.67647087614428;205.62845523275908;271.66113;39.648563
350;12.077966089436538;74.162141421027;205.6291586884146;271.66113;39.648563
400;12.360996036876289;74.0;205.629940282301;271.76892;39.648563
450;12.945558945067246;74.41999998688698;205.64600503798758;272.8468;39.648563
500;13.2901776902614;74.7531999805212;205.65606567720394;272.9546;39.648563
550;13.629228117675364;75.00133597911214;205.66651014074736;272.9546;39.648563
600;13.963209368007151;75.16610926093821;205.677342918552;273.06238;39.540745
650;14.292566730713117;75.24918707874468;205.68872418478765;273.49353;39.432926
700;14.617650470173933;75.25220334025373;205.7014618951779;275.43372;38.893833
750;14.93870883226648;75.17675927506424;205.71659848222134;278.02063;38.35474
800;15.25588496990527;75.02442408821369;205.73522862131242;281.0387;38.031284
850;15.569393163629059;74.79673560066871;205.75768844952088;282.54773;37.815647
900;15.879273655079837;74.49520087700593;205.78480965323882;285.24243;37.70783
950;16.18528167454383;74.1212968405392;205.81800026049328;289.55396;37.60001
1000;16.487074613064337;74.0;205.85845774844952;293.7577;37.49219
1050;17.052319430721425;74.41999998688698;206.04605444459753;297.4225;37.49219
1100;17.38301597550433;74.7531999805212;206.16121096729393;300.0094;37.49219
1150;17.7059835226228;75.00133597911214;206.27879977916743;300.22498;37.49219
1200;18.021535418254004;75.16610926093821;206.39923863495233;301.8418;37.49219
1250;18.328653893652472;75.24918707874468;206.52466770085366;308.41772;37.60001
1300;18.62438652497692;75.25220334025373;206.65842986403806;320.385;37.923466
1350;18.904149375591025;75.17675927506424;206.80330273255345;335.37085;38.139103
1400;19.16500051146303;75.02442408821369;206.95983433233076;345.8288;38.139103
1450;19.405300026730533;75.0;207.12758964797678;353.48285;37.923466
1500;19.651562227290466;75.41999998688698;207.60648245105546;355.20746;37.49219
1550;19.788168575671627;75.7531999805212;207.89334731959298;355.20746;37.49219
1600;19.91462752753878;76.00133597911214;208.17978372517095;355.20746;37.49219
1650;20.03185234831206;76.16610926093821;208.4658302294445;355.20746;37.49219
1700;20.140674109547742;76.24918707874468;208.75152192352078;355.20746;37.49219
1750;20.24184908638383;76.25220334025373;209.03689074030825;355.20746;37.49219
1800;20.336104433344754;76.17675927506424;209.3219624157813;355.09967;37.49219
1850;20.424218641817166;76.02442408821369;209.60674980086094;354.7763;37.384373
1900;20.50701671660404;76.0;209.89125187359033;354.12958;37.060917
1950;20.61844972072584;76.41999998688698;210.47555392907705;353.69843;36.84528
2000;20.682139454214003;76.7531999805212;210.8199032998654;353.59064;36.84528
2050;20.742944419529206;77.00133597911214;211.15858164775022;353.59064;36.84528
2100;20.801124245731362;77.16610926093821;211.49209936464413;353.59064;36.84528
2150;20.8569151952718;77.24918707874468;211.82092090720096;353.59064;36.84528
2200;20.91053226698742;77.25220334025373;212.1454689309879;353.59064;36.84528
2250;20.962171109825448;77.17675927506424;212.46612805258215;353.59064;36.629642
2300;21.011893211391584;77.02442408821369;212.78326110783502;353.914;36.414005
2350;21.059871078350028;76.79673560066871;213.09718544262478;353.914;36.414005
2400;21.106145081306572;76.49520087700593;213.40820214035452;354.12958;36.198368
2450;21.150362647023705;76.1212968405392;213.71661997487365;355.31525;35.443638
2500;21.192046032333497;76.0;214.02271918166113;356.82428;34.688908
2550;21.246042669745172;76.41999998688698;214.62827511646353;357.25543;34.36545
2600;21.276736041164842;76.7531999805212;214.9843598903028;357.36322;34.36545
2650;21.305722025649448;77.00133597911214;215.33385519159745;357.68658;34.041996
2700;21.33303712023758;77.16610926093821;215.67735865773838;357.90216;33.82636
2750;21.358831704976097;77.24918707874468;216.01540955373227;357.90216;33.82636
2800;21.38324262571159;77.25220334025373;216.34849861074937;357.90216;33.82636
2850;21.40639441216804;77.17675927506424;216.67707239416745;357.90216;33.82636
2900;21.42840038639754;77.02442408821369;217.001537278492;357.90216;33.82636
2950;21.44936367147047;76.79673560066871;217.3222630645337;357.90216;33.82636
3000;21.469182787085582;76.49520087700593;217.63959271651436;358.3333;32.96381
3050;21.48780441847616;76.1212968405392;217.95383596267177;358.76447;31.777811
3100;21.505062782365393;76.0;218.2652754059613;359.3034;29.83711
3150;21.52115875210328;76.0;218.6760847200353;359.84235;27.788593
3200;21.52897001613459;76.0;219.02778290032185;0.4890747;23.691559
3250;21.530499168712165;76.0;219.3471807617084;1.2435913;14.311496
3300;21.527567990028963;76.0;219.64893830336925;1.3513794;-2.1845164
3350;21.52483219195006;76.0;219.94106857289896;1.2435913;-15.985103
3400;21.52031230698286;76.41999998688698;220.4279405331753;0.81243896;-26.012062
3450;21.520077795447676;76.7531999805212;220.7192515737451;0.5968628;-29.138746
3500;21.5198823681796;77.00133597911214;221.00982387876775;0.4890747;-29.246563
3550;21.519686940911527;77.11893598140097;221.1598238847282;0.4890747;-29.246563
3600;21.519374262076088;77.23653598368979;221.30982389068868;0.7046509;-29.246563
3650;21.518944338282118;77.35413598597862;221.45982389664914;1.0280151;-28.923113
3700;21.518475334812813;77.47173598826744;221.51249998807907;1.1358032;-28.38403
3750;21.51792817526759;77.58933599055626;221.51249998807907;1.2435913;-28.276213
3800;21.517507283297665;77.70693599284509;221.51249998807907;1.2435913;-28.276213
3850;21.51708639132774;77.82453599513391;221.51249998807907;1.2435913;-28.276213
3900;21.516665499357817;77.94213599742274;221.51249998807907;1.2435913;-28.276213
3950;21.5162145488364;78.05973599971156;221.51249998807907;1.3513794;-27.521496
4000;21.51573354071269;78.17733600200039;221.51249998807907;1.4591675;-24.610445
4050;21.515462955062894;78.29493600428921;221.51249998807907;0.81243896;-16.95546
4100;21.515342691814933;78.41253600657804;221.51249998807907;0.38128662;-6.9284716
4150;21.515402823831373;78.53013600886686;221.51249998807907;359.84235;4.8235917
4200;21.515462955847813;78.64773601115569;221.51249998807907;359.84235;11.939514
4250;21.515583219095774;78.76533601344451;221.51249998807907;359.73456;16.46782
4300;21.515703482343735;78.88293601573334;221.51249998807907;359.73456;17.545986
4400;21.515944008839657;79.03738402098236;221.56953491415138;359.73456;17.545986
4450;21.516100351057528;79.0;221.62908055313147;359.73456;17.545986
4500;21.516882062247685;79.0;221.81066469898684;359.73456;17.545986
4550;21.517663773437842;79.0;222.03720726696164;359.73456;17.545986
4600;21.518445484628;79.0;222.2882971362649;359.73456;17.545986
4650;21.519227195818157;79.0;222.55278983365025;359.73456;17.545986
4700;21.520008907008314;79.0;222.82460047601842;359.73456;17.545986
4750;21.522017794248196;79.41999998688698;223.30040294979776;359.73456;17.545986
4800;21.522174136466067;79.7531999805212;223.58567064993508;359.73456;17.545986
4850;21.522330478683937;80.00133597911214;223.87074378382022;359.73456;17.545986
4900;21.522486820901808;80.16610926093821;224.15563986241074;359.73456;17.545986
4950;21.522643163119678;80.24918707874468;224.44037482067853;359.73456;17.545986
5000;21.52279950533755;80.25220334025373;224.7249631594484;359.73456;17.545986
5050;21.52295584755542;80.17675927506424;225.00941807447134;359.73456;17.545986
5100;21.52311218977329;80.02442408821369;225.29375157388105;359.73456;17.545986
5150;21.52326853199116;79.79673560066871;225.57797458507957;359.73456;17.545986
5200;21.52342487420903;79.49520087700593;225.86209705200298;359.73456;17.545986
5250;21.5235812164269;79.1212968405392;226.14612802363342;359.73456;17.545986
5300;21.523737558644772;78.67647087614428;226.43007573454486;359.73456;17.006903
5350;21.523620301477106;78.162141421027;226.71394788778403;0.27349854;15.605286
5400;21.523190377683136;78.0;226.99774792715434;1.0280151;11.939518
5450;21.512645468622793;78.41999998688698;227.58323613405165;1.8903198;2.6672504
5500;21.506028222656305;78.7531999805212;227.92837822295274;1.9981079;-11.456785
5550;21.498405065940226;79.00133597911214;228.26788715443055;3.6149292;-22.885372
5600;21.489827523829007;79.11893598140097;228.41788716039102;3.7227173;-26.766773
5650;21.480537539825843;79.23653598368979;228.51249998807907;3.399353;-28.276207
5700;21.470677279508205;79.35413598597862;228.51249998807907;3.1837769;-29.354374
5750;21.460622615690237;79.47173598826744;228.51249998807907;3.1837769;-29.354374
5800;21.450391044681872;79.58933599055626;228.51249998807907;3.1837769;-29.354374
5850;21.439998488125603;79.70693599284509;228.51249998807907;3.1837769;-29.354374
5900;21.42945943471652;79.82453599513391;228.51249998807907;3.1837769;-29.246557
5950;21.418907169535746;79.94213599742274;228.51249998807907;2.8604126;-28.707474
6000;21.40852309852946;80.05973599971156;228.51249998807907;2.3214722;-27.305857
6050;21.398412266737232;80.17733600200039;228.51249998807907;1.9981079;-23.855722
6100;21.388850637631332;80.29493600428921;228.51249998807907;1.1358032;-15.1225605
6150;21.380329948387974;80.41253600657804;228.51249998807907;359.51898;2.2359884
6200;21.372756514446824;80.53013600886686;228.51249998807907;359.51898;13.556783
6250;21.365924821378197;80.64773601115569;228.51249998807907;359.84235;17.00692
6300;21.359707980506577;80.76533601344451;228.51249998807907;0.057922363;17.33037
6350;21.35405065515036;80.88293601573334;228.51249998807907;0.057922363;17.761637
6400;21.348962620944274;81.00053601802216;228.53209989573062;359.84235;18.62417
6450;21.344392641699738;81.03738402098236;228.5695357198591;359.84235;18.62417
6500;21.34031213208649;81.0;228.62908220001466;359.84235;18.62417
6550;21.33698972637748;81.0;228.8106689110306;359.84235;18.62417
6600;21.337380584523547;81.0;229.03721467927414;359.84235;18.62417
6650;21.337771442669613;81.0;229.2883080956152;359.84235;18.62417
6700;21.33816230081568;81.0;229.55280452937433;359.84235;18.62417
6750;21.339166751002935;81.41999998688698;230.0246180757008;359.84235;18.62417
6800;21.33924492262207;81.7531999805212;230.30770818113402;359.84235;18.62417
6850;21.3393230942412;82.00133597911214;230.59080006371943;359.84235;18.62417
6900;21.339401265860335;82.16610926093821;230.87389356351338;359.84235;18.62417
6950;21.33947943747947;82.24918707874468;231.15698853496716;359.84235;18.62417
7000;21.339557609098602;82.25220334025373;231.44008484563142;359.84235;18.62417
7050;21.339635780717735;82.17675927506424;231.72318237497723;359.84235;18.62417
7100;21.33971395233687;82.02442408821369;232.0062810133233;359.84235;18.62417
7150;21.339792123956002;81.79673560066871;232.28938066085965;359.84235;18.62417
7200;21.339870295575135;81.49520087700593;232.57248122675915;359.84235;18.62417
7250;21.33994846719427;81.1212968405392;232.85558262836918;359.84235;18.62417
7300;21.34010480941214;80.67647087614428;233.13868443053764;359.73456;18.839804
7350;21.340300236680214;80.162141421027;233.42178632839975;359.62677;19.055437
7400;21.34049566394829;80.0;233.70488831334308;359.62677;19.055437
7450;21.343006766460487;80.41999998688698;234.28990152773775;359.62677;19.055437
7500;21.343202193728562;80.7531999805212;234.63479803036256;359.62677;19.055437
7550;21.343397620996637;81.00133597911214;234.97413310726057;359.62677;19.055437
7600;21.34359304826471;81.16610926093821;235.30840728660135;359.62677;19.055437
7650;21.343827559799895;81.24918707874468;235.63807571794996;359.51898;19.055437
7700;21.344062071335077;81.25220334025373;235.96355291850494;359.51898;19.27107
7750;21.34414024295421;81.17675927506424;236.2852170587628;359.84235;19.702337
7800;21.343944815686136;81.02442408821369;236.6034106852976;0.4890747;21.211771
7850;21.34382755851847;81.0;236.91844662265217;0.27349854;23.583738
7900;21.3440229875915;81.0;237.33252919444402;359.95013;24.769722
7950;21.344804698781658;81.0;237.68601591772503;359.73456;25.200989
8000;21.345586409971816;81.0;238.0064173038762;359.73456;25.200989
8050;21.346368121161973;81.0;238.30875409385618;359.73456;25.200989
8100;21.34851774040902;81.0;238.60121187917457;359.08783;25.632256
8200;21.35805867102057;81.41999998688698;239.08815482264555;358.3333;26.171339
8200;21.364362086531596;81.7531999805212;239.37948220060647;357.5788;26.710423
8250;21.371660647236446;82.00133597911214;239.67002217064203;356.50092;27.249506
8300;21.381653977534086;82.16610926093821;239.95967215027017;352.51263;28.43549
8350;21.3956804690326;82.24918707874468;240.2482516433957;348.84747;29.837107
8400;21.413377137329686;82.25220334025373;240.53585699377575;348.84747;29.837107
8450;21.451077130891363;82.17675927506424;240.81205584009743;348.84747;29.837107
8500;21.506980150968428;82.02442408821369;241.07787476742683;348.84747;29.837107
8550;21.579447925651888;82.0;241.33424796820103;348.84747;29.837107
8600;21.792090858335317;82.41999998688698;241.83615413418946;348.84747;29.837107
8650;21.92978993801336;82.7531999805212;242.12467290258277;348.84747;29.837107
8700;22.076444767619947;83.00133597911214;242.40206528742732;349.81757;30.05274
8750;22.23014989448098;83.16610926093821;242.67080091124978;353.9135;29.298023
8800;22.38832153845786;83.24918707874468;242.93381952136636;0.27398682;30.160557
8850;22.544654517620522;83.25220334025373;243.19602077922391;16.553772;31.562174
8900;22.690298031517464;83.17675927506424;243.46040322742533;37.577637;32.64035
8950;22.803261884597795;83.02442408821369;243.71730619469776;50.191833;32.316895
9000;22.885733831178385;83.0;243.96645403872787;52.994873;31.562174
9050;22.699619298563224;83.41999998688698;244.39062260772292;52.994873;31.562174
9100;22.57767558926698;83.7531999805212;244.6375848103694;52.994873;31.562174
9150;22.446381647924195;84.00133597911214;244.8776865583292;52.994873;31.562174
9200;22.303469766048185;84.16610926093821;245.10618213594324;66.90277;32.64035
9250;22.14794069932884;84.24918707874468;245.31391769029648;90.51428;36.198364
9300;21.98473724499199;84.25220334025373;245.48955724452262;121.78107;38.78601
9350;21.82014856937285;84.17675927506424;245.62961875912163;140.97205;36.845276
9400;21.654238761877078;84.02442408821369;245.73735366241218;140.75641;36.090546
9450;21.48712672433892;84.0;245.81567134856422;140.75641;36.090546
9500;21.254384213564624;84.0;245.7883350389621;140.75641;36.090546
9550;21.046636235689594;84.0;245.67480400613124;140.75641;36.090546
9600;20.7258939114572;84.41999998688698;245.3594141082139;140.75641;36.090546
9650;20.534634473719198;84.7531999805212;245.16749012528143;140.75641;36.090546
9700;20.34460600490307;85.00133597911214;244.9729950514461;141.18762;36.090546
9750;20.161533510217;85.16610926093821;244.77263195557973;156.60498;33.934174
9800;19.987878401243478;85.24918707874468;244.56581890727054;163.93579;33.718536
9850;19.82739367149918;85.25220334025373;244.35225792065881;174.50153;34.25763
9900;19.685939546451458;85.17675927506424;244.13285369940542;190.45782;35.01236
9950;19.5712093091248;85.02442408821369;243.91190205662195;213.31482;35.76709
10000;19.486624494902415;85.0;243.69482325882922;231.10419;36.414
10050;19.518114974155566;85.0;243.4304488182331;238.43518;35.01236
10100;19.812449918383574;85.41999998688698;243.111791573093;237.89624;34.688904
10150;19.994725404549367;85.7531999805212;242.92423906618546;237.89624;34.688904
10200;20.182164689691373;86.00133597911214;242.74000064912883;237.89624;34.688904
10250;20.374303032037158;86.16610926093821;242.55877805392345;237.89624;34.688904
10300;20.57073830184978;86.24918707874468;242.3803329573215;238.00403;34.796722
10350;20.77240974381003;86.25220334025373;242.20680711190911;244.14899;33.826355
10400;20.98118936055898;86.17675927506424;242.04554694816812;262.47736;33.718536
10450;21.19474907130417;86.02442408821369;241.9084787012528;292.34222;34.688904
10500;21.40817640825492;86.0;241.80062494707983;311.53345;35.551453
10550;21.694933460113468;86.0;241.79004201141205;313.47363;34.90454
10600;21.94390656058069;86.0;241.8719695603793;313.58142;34.14981
10650;22.314526639073275;86.41999998688698;242.1449906649868;314.22815;33.610718
10700;22.535122046813676;86.7531999805212;242.31185483140905;314.33594;33.5029
10750;22.754100695021755;87.00133597911214;242.4814958532212;314.33594;33.5029
10800;22.971608092013017;87.16610926093821;242.65366381351097;314.33594;33.5029
10850;23.187776650358394;87.24918707874468;242.8281312878817;314.33594;33.5029
10900;23.403500162965198;87.25220334025373;243.0038627106502;311.74902;32.74817
10950;23.623812246903455;87.17675927506424;243.17232545176964;289.64697;30.484007
11000;23.849776217886888;87.02442408821369;243.325665636416;270.13245;29.40584
11050;24.080646346722613;87.0;243.46173736591575;262.2625;28.974573
11100;24.61488323163782;87.41999998688698;243.5395111323374;261.93915;28.866756
11150;24.93180328640661;87.7531999805212;243.5783916417794;261.93915;28.866756
11200;25.2454272262819;88.00133597911214;243.61018893443475;261.93915;28.866756
11250;25.556034942372936;88.16610926093821;243.63542444653785;261.72357;28.974573
11300;25.863765644054904;88.24918707874468;243.65387869587855;259.89117;29.513657
11350;26.168828389096173;88.25220334025373;243.6658929805208;259.24445;29.72929
11400;26.471463293524433;88.17675927506424;243.67204689711855;259.24445;29.72929
11450;26.771888862931185;88.02442408821369;243.6728678786421;259.24445;29.72929
11500;27.070387664791394;87.79673560066871;243.66855028556617;260.32233;29.837107
11550;27.36737888816718;87.49520087700593;243.66212379907427;264.41833;30.160557
11600;27.663093932807726;87.1212968405392;243.65510353517078;267.4364;30.484007
11650;27.95764765476573;87.0;243.64754293380716;267.4364;30.484007
11700;28.552744941261665;87.41999998688698;243.62560134417814;267.4364;30.484007
11750;28.90310925368148;87.7531999805212;243.61221486021805;266.89746;30.807457
11800;29.247348842784813;88.00133597911214;243.59811975682263;265.7118;31.34654
11850;29.585865477172963;88.16610926093821;243.58194157249832;262.47815;32.316895
11900;29.918759268626626;88.24918707874468;243.56156047890514;257.1964;33.071625
11950;30.246075467003106;88.25220334025373;243.53561722945034;253.20813;33.610718
12000;30.56791056168562;88.17675927506424;243.503388127942;250.29785;33.826355
12050;30.88426068313971;88.02442408821369;243.4641646128379;247.172;33.934174
12100;31.194720251600376;87.79673560066871;243.41666735408018;242.42932;34.041992
12150;31.49942752151038;87.49520087700593;243.36091982423414;240.59692;34.041992
12200;31.798545949085092;87.1212968405392;243.29705672360055;238.9801;34.041992
12250;32.09220763424452;86.67647087614428;243.22521064014103;237.47107;34.041992
12300;32.380733571129966;86.162141421027;243.14583768213208;236.71655;34.041992
12350;32.664585976951386;86.0;243.05961526808576;236.71655;34.041992
12400;33.19650192458312;86.41999998688698;242.80135243246582;236.71655;34.041992
12450;33.50822186141257;86.7531999805212;242.6463478876619;236.71655;34.041992
12500;33.81315931781418;87.00133597911214;242.49126807958936;236.60876;34.041992
12550;34.111707071219826;87.16610926093821;242.33579513141265;235.74646;34.041992
12600;34.4039900928552;87.24918707874468;242.17932533051612;234.02185;34.041992
12650;34.69012664449316;87.25220334025373;242.02135431193253;232.29724;34.041992
12700;34.970207219192325;87.17675927506424;241.8614363407469;230.68042;34.041992
12750;35.24434867717487;87.02442408821369;241.69923856338949;229.17139;34.14981
12800;35.51267057416487;86.79673560066871;241.53449832023765;227.77014;34.688904
12850;35.77559114483946;86.49520087700593;241.36732907373383;227.44678;34.90454
12900;36.03343689788477;86.1212968405392;241.19777761757214;226.90784;35.12018
12950;36.28658417145888;85.67647087614428;241.02597299358501;226.58447;35.227997
13000;36.535375039945386;85.162141421027;240.8520330019313;226.3689;35.335815
13050;36.77979181670084;84.57969854367613;240.6757305250567;225.07544;35.335815
13100;37.01955280291137;83.93050451123717;240.49662723617698;222.91968;35.335815
13150;37.25419987011642;83.21589434553873;240.31419719822708;220.33276;35.551453
13200;37.48274971091223;82.43717636799826;240.12760431699883;216.12903;35.335815
13250;37.703391008255984;82.0;239.9356930054756;209.87665;34.90454
13300;38.0336290463486;82.41999998688698;239.46033404495566;203.30078;34.90454
13350;38.20358537958996;82.7531999805212;239.17693845787133;201.57617;35.12018
13400;38.347891990796185;83.00133597911214;238.89519890169876;201.57617;35.12018
13450;38.46885735427775;83.16610926093821;238.61496633369936;201.57617;35.12018
13500;38.56858218171772;83.24918707874468;238.33610512497702;201.57617;35.12018
13550;38.648978120802795;83.25220334025373;238.0584918532328;201.57617;35.12018
13600;38.711784770977985;83.17675927506424;237.78201420417136;201.57617;35.12018
13650;38.75854859650242;83.02442408821369;237.50658588251028;201.46838;35.12018
13700;38.79067690290465;82.79673560066871;237.23212841542696;201.3606;35.12018
13750;38.829083788171395;82.49520087700593;236.95859945698217;201.14502;35.01236
13800;38.87283844753598;82.1212968405392;236.68577757600536;200.28271;33.718536
13850;38.92116549986512;81.67647087614428;236.41349289304458;199.5282;31.562174
13900;38.97365342991191;81.162141421027;236.14169706029247;199.5282;30.807457
13950;39.0299277587909;81.0;235.87034608124307;199.5282;30.591824
14000;39.19048889206116;81.41999998688698;235.31481821215547;199.5282;30.591824
14050;39.28666559216926;81.7531999805212;234.98748319628558;199.5282;30.591824
14100;39.38269670294981;82.00133597911214;234.66559155914243;199.5282;30.591824
14150;39.47859532743848;82.16610926093821;234.34865339678336;199.5282;30.591824
14200;39.574373389398055;82.24918707874468;234.03622289660774;199.5282;30.591824
14250;39.670041739453;82.25220334025373;233.72789436913726;199.5282;30.591824
14300;39.76222408622235;82.17675927506424;233.42235596352103;191.6582;28.974573
14350;39.84653994799402;82.02442408821369;233.11883963391938;180.98462;26.81824
14400;39.922290478152306;82.0;232.81717850031453;177.85846;26.171339
14450;39.977667254983004;82.41999998688698;232.21554761498234;177.64288;26.063522
14500;40.006535631672364;82.7531999805212;231.86161382944803;176.99615;25.847889
14550;40.03116538591713;83.00133597911214;231.51410693995837;176.34943;25.632256
14600;40.05193799362614;83.16610926093821;231.1724485260379;176.34943;25.632256
14650;40.069200597886464;83.24918707874468;230.8361122250388;176.34943;25.632256
14700;40.083269098916425;83.25220334025373;230.50461904693768;176.34943;25.632256
14750;40.09443096592299;83.17675927506424;230.17753311080077;176.34943;25.632256
14800;40.10286979410921;83.02442408821369;229.8544629180052;176.13385;26.171339
14850;40.108752671630846;82.79673560066871;229.53505244323392;176.02606;26.81824
14900;40.112309633980665;82.49520087700593;229.21897231196075;176.02606;26.81824
14950;40.11375001346314;82.1212968405392;228.9059227933582;176.02606;26.81824
15000;40.11195355711399;81.67647087614428;228.59563113236538;176.02606;26.81824
15050;40.110157100764845;81.162141421027;228.28784912186975;176.02606;26.81824
15100;40.1083606444157;81.0;227.9823508933924;176.02606;26.81824
15150;40.09937836151167;81.0;227.57726452680615;176.02606;26.81824
15200;40.085491751572384;81.0;227.2290043742999;176.02606;26.81824
15250;40.068927378760826;81.0;226.9117713382852;176.02606;26.81824
15300;40.039806818693116;81.41999998688698;226.41177819240042;176.565;26.063522
15350;40.02242257059234;81.7531999805212;226.1133451799478;176.67279;25.847889
15400;40.00468950172405;82.00133597911214;225.81636307517658;175.7027;26.063522
15450;39.98648314096632;82.16610926093821;225.52071351610527;175.37933;26.279156
15500;39.96772923681264;82.24918707874468;225.22628636488432;175.16376;26.386972
15550;39.948477068154276;82.25220334025373;224.93297160483925;175.16376;26.386972
15600;39.928771478783595;82.17675927506424;224.6406691207934;175.16376;26.386972
15650;39.90865327655281;82.02442408821369;224.3492878079334;175.16376;26.386972
15700;39.88815959660851;81.79673560066871;224.05874476087666;175.16376;26.386972
15750;39.86732423193506;81.49520087700593;223.7689645357229;175.16376;26.386972
15800;39.846177934149125;81.1212968405392;223.47987847852082;175.16376;26.386972
15850;39.82474868722267;81.0;223.191424114173;175.16376;26.386972
15900;39.777158031639644;81.41999998688698;222.6027378655102;175.16376;26.386972
15950;39.748831690407116;81.7531999805212;222.25594298348332;174.7326;26.602606
16000;39.72020741297198;82.00133597911214;221.9150392203073;173.65472;27.033873
16050;39.69022742544822;82.16610926093821;221.5796419863616;171.1756;27.46514
16100;39.6767205288564;82.24918707874468;221.25237936747868;167.07965;27.680773
16150;39.67636784160903;82.25220334025373;220.93147340640795;162.33691;27.896406
16200;39.68609610711595;82.17675927506424;220.61533754897127;157.05511;28.11204
16250;39.68293764031775;82.02442408821369;220.30518255813686;151.8811;28.11204
16300;39.657569386064544;81.79673560066871;220.0172448766411;147.6773;28.11204
16350;39.60898385864774;81.49520087700593;219.75014923144371;146.27606;28.11204
16400;39.53922500738616;81.1212968405392;219.50225475361304;145.73712;28.11204
16450;39.45012723448034;81.0;219.27222576306343;144.87482;28.11204
16500;39.12580052515934;81.41999998688698;218.87715735816386;144.87482;28.219856
16550;38.923100904873216;81.7531999805212;218.65700497481131;144.87482;28.219856
16600;38.713027028668556;82.00133597911214;218.45222129096436;144.87482;28.219856
16650;38.49624257938463;82.16610926093821;218.26142312407057;144.87482;28.219856
16700;38.273358356189156;82.24918707874468;218.08331248741715;144.9826;28.219856
16750;38.045081056369085;82.25220334025373;217.91592497058298;146.815;28.219856
16800;37.81241110482904;82.17675927506424;217.756245975377;151.45007;28.651123
16850;37.59085849424572;82.02442408821369;217.58742766174623;157.3789;28.974573
16900;37.380111965493356;81.79673560066871;217.41001629812658;158.99573;29.08239
16950;37.17919897149056;81.49520087700593;217.22478525879166;158.99573;29.08239
17000;36.98826427660785;81.1212968405392;217.032068068622;161.47485;28.866756
17050;36.80912184272584;81.0;216.83179244466928;167.83514;28.543306
17100;36.6065234604972;81.41999998688698;216.32454272285898;173.117;28.327673
17150;36.496803518587086;81.7531999805212;216.0221202004062;182.0653;28.43549
17200;36.398208612728276;82.00133597911214;215.7214663897864;182.81982;27.14169
17250;36.30973748996792;82.16610926093821;215.422422106981;182.81982;27.14169
17300;36.230479010092665;82.24918707874468;215.12484249452893;182.81982;27.14169
17350;36.15960403548446;82.25220334025373;214.8285957321368;182.81982;27.14169
17400;36.097916268630115;82.17675927506424;214.53368642167172;186.3772;26.49479
17450;36.04659786848324;82.02442408821369;214.24029850272174;190.90454;26.710423
17500;36.00848207644252;81.79673560066871;213.94932494699432;199.74493;27.14169
17550;35.983691736572126;81.49520087700593;213.66105882679875;202.87079;27.14169
17600;35.9712073559768;81.1212968405392;213.3753330563006;203.30194;27.033873
17650;35.97088179939228;81.0;213.0923562302085;205.67328;26.926056
17700;36.1274271571352;81.41999998688698;212.5472984919271;208.58356;26.81824
17750;36.22636716260646;81.7531999805212;212.22806614335312;211.92499;26.710423
17800;36.33232399003986;82.00133597911214;211.9176715140089;218.71667;26.386972
17850;36.44698152716205;82.16610926093821;211.61741776717352;225.72363;26.063522
17900;36.57140695483825;82.24918707874468;211.3285107496785;232.08374;25.955706
17950;36.7059064029984;82.25220334025373;211.05157968794526;236.61096;25.955706
18000;36.8504899588202;82.17675927506424;210.7870473913744;240.59912;26.063522
18050;37.00464194805072;82.02442408821369;210.53451913557296;242.43152;26.063522
18100;37.16805320060183;81.79673560066871;210.29403676986868;245.23401;26.063522
18150;37.339987713629974;81.49520087700593;210.0647295272893;245.77295;25.955706
18200;37.51967839391574;81.1212968405392;209.84559164704666;245.77295;25.955706
18250;37.70642718660936;81.0;209.63570788679715;245.77295;25.955706
18300;38.17465448873546;81.41999998688698;209.30974587876662;245.66516;25.955706
18350;38.45345592190052;81.7531999805212;209.1211244533567;245.3418;26.063522
18400;38.73019888041302;82.00133597911214;208.93858484808442;244.69507;26.386972
18450;39.004811881700356;82.16610926093821;208.76105263216834;243.40161;26.710423
18500;39.276994187003645;82.24918707874468;208.5871438431396;241.03027;27.033873
18550;39.54657510128127;82.25220334025373;208.41585461524318;239.30566;27.14169
18600;39.8136271754036;82.17675927506424;208.24668148367954;238.55115;27.14169
18650;40.07829598914187;82.02442408821369;208.07930089562376;238.22778;27.14169
18700;40.34019927666779;81.79673560066871;207.9126342373397;235.74866;27.249506
18750;40.58336870888127;81.49520087700593;207.7354215538921;235.74866;27.249506
18800;40.809490332269114;81.1212968405392;207.54861198726914;235.74866;27.249506
18850;41.02009844917853;81.0;207.35306925670486;235.74866;27.249506
18900;41.40120323173519;81.41999998688698;206.9347553833322;235.74866;27.249506
18950;41.61412390087674;81.7531999805212;206.68080996190346;235.74866;27.249506
19000;41.812993174799814;82.00133597911214;206.42422701735282;236.39539;27.680773
19050;42.0160760039973;82.16610926093821;206.17807559485698;240.27576;29.40584
19100;42.22513919537621;82.24918707874468;205.9634350647798;246.09674;30.915274
19150;42.43808717340169;82.25220334025373;205.78078848031447;254.1825;31.99344
19200;42.65387860213655;82.17675927506424;205.62842256408962;257.20062;31.99344
19250;42.875092453227126;82.02442408821369;205.48411063089523;257.20062;31.99344
19300;43.1012407088036;81.79673560066871;205.34712782246982;257.20062;31.99344
19350;43.33182613691457;81.49520087700593;205.21658610285942;256.66168;31.885624
19400;43.56604172196606;81.1212968405392;205.09039668083992;253.21246;31.66999
19450;43.803526452532566;81.0;204.96805572066071;252.8891;31.66999
19500;44.33463612775494;81.41999998688698;204.76746920592836;254.18256;31.454357
19550;44.64976594613736;81.7531999805212;204.6538240909738;260.75842;31.454357
19600;44.96199823130489;82.00133597911214;204.54950824574934;267.98126;31.562174
19650;45.271608869460124;82.16610926093821;204.45438539659122;269.59808;31.562174
19700;45.57883380876542;82.24918707874468;204.36762817409456;269.59808;31.562174
19750;45.88388776205469;82.25220334025373;204.28848367207922;269.59808;31.562174
19800;46.18696611801246;82.17675927506424;204.21626674590155;269.59808;31.562174
19850;46.488246680346734;82.02442408821369;204.15035391391783;269.59808;31.562174
19900;46.78789125043649;81.79673560066871;204.09017780781593;269.59808;31.562174
19950;47.08604706754082;81.49520087700593;204.03522212241694;269.59808;31.562174
20000;47.38284811938937;81.1212968405392;203.98501701999453;269.59808;31.562174
20050;47.67841633481964;81.0;203.93913494820538;269.59808;31.66999
20100;48.274773819284356;81.41999998688698;203.89487115916174;269.59808;31.885624
20150;48.62586429408686;81.7531999805212;203.87050770026866;269.59808;32.64035
20200;48.97083588582902;82.00133597911214;203.84814152476892;269.59808;33.5029
20250;49.31023956264034;82.16610926093821;203.82763196225972;269.70587;34.473267
20300;49.64457643671858;82.24918707874468;203.80881191762057;269.70587;35.12018
20350;49.974302520176835;82.25220334025373;203.79152933428753;269.70587;35.551453
20400;50.299832784049975;82.17675927506424;203.77564584078334;269.70587;35.65927
20450;50.62154485199062;82.02442408821369;203.76103551906007;269.70587;35.65927
20500;50.939782361532565;81.79673560066871;203.74758378369086;269.70587;35.65927
20550;51.254858022840565;81.49520087700593;203.7351863619342;269.70587;35.65927
20600;51.56705640217275;81.1212968405392;203.72374836559266;269.70587;35.65927
20650;51.87663645483149;81.0;203.713183446404;269.70587;35.65927
20700;52.48574815667828;81.41999998688698;203.70156048242538;269.70587;35.65927
20750;52.84380270379481;81.7531999805212;203.69505800113805;269.70587;35.65927
20800;53.19511187033992;82.00133597911214;203.6889844007782;269.70587;35.65927
20850;53.54028274038815;82.16610926093821;203.68330108207357;269.70587;35.65927
20900;53.87986776046322;82.24918707874468;203.67797291968543;269.70587;35.65927
20950;54.214369656916226;82.25220334025373;203.67296794955462;269.70587;35.65927
21000;54.544245910739846;82.17675927506424;203.66825708438645;269.70587;35.65927
21050;54.86991282964941;82.02442408821369;203.663813854742;269.70587;35.65927
21100;55.19174925367678;81.79673560066871;203.65961417343112;269.70587;35.65927
